0  0.9338260545622364   51
0  0.0329108598397555   48
1  0.9338260545622364   51
1  0.0329108598397555   48
2  0.9338260545622364   51
2  0.0329108598397555   48
3  0.9338260545622364   53
3  0.0329108598397555   46
4  0.9338260545622364   53
4  0.0329108598397555   46
5  0.9338260545622364   53
5  0.0329108598397555   46
6  0.9338260545622364   51
6  0.0329108598397555   48
7  0.9338260545622364   51
7  0.0329108598397555   48
8  0.9338260545622364   51
8  0.0329108598397555   48
9  0.9338260545622364   51
9  0.0329108598397555   48
10  0.9338260545622364   51
10  0.0329108598397555   48
11  0.9338260545622364   51
11  0.0329108598397555   48
12  0.9338260545622364   51
12  0.0329108598397555   48
13  0.9338260545622364   51
13  0.0329108598397555   48
14  0.9338260545622364   51
14  0.0329108598397555   48
15  0.9338260545622364   51
15  0.0329108598397555   48
16  0.9338260545622364   51
16  0.0329108598397555   48
17  0.9338260545622364   51
17  0.0329108598397555   48
18  0.9338260545622364   52
18  0.0329108598397555   47
19  0.9338260545622364   52
19  0.0329108598397555   47
20  0.9338260545622364   52
20  0.0329108598397555   47
21  0.9338260545622364   51
21  0.0329108598397555   48
22  0.9338260545622364   51
22  0.0329108598397555   48
23  0.9338260545622364   51
23  0.0329108598397555   48
24  0.9338260545622364   50
24  0.0329108598397555   49
25  0.9338260545622364   50
25  0.0329108598397555   49
26  0.9338260545622364   50
26  0.0329108598397555   49
27  0.9338260545622364   50
27  0.0329108598397555   49
28  0.9338260545622364   50
28  0.0329108598397555   49
29  0.9338260545622364   50
29  0.0329108598397555   49
30  0.9338260545622364   51
30  0.0329108598397555   48
31  0.9338260545622364   51
31  0.0329108598397555   48
32  0.9338260545622364   51
32  0.0329108598397555   48
33  0.9338260545622364   51
33  0.0329108598397555   48
34  0.9338260545622364   51
34  0.0329108598397555   48
35  0.9338260545622364   51
35  0.0329108598397555   48
36  0.9338260545622364   51
36  0.0329108598397555   48
37  0.9338260545622364   51
37  0.0329108598397555   48
38  0.9338260545622364   51
38  0.0329108598397555   48
39  0.9338260545622364   52
39  0.0329108598397555   47
40  0.9338260545622364   52
40  0.0329108598397555   47
41  0.9338260545622364   52
41  0.0329108598397555   47
42  0.9338260545622364   53
42  0.0329108598397555   46
43  0.9338260545622364   53
43  0.0329108598397555   46
44  0.9338260545622364   53
44  0.0329108598397555   46
45  0.9338260545622364   52
45  0.0329108598397555   47
46  0.9338260545622364   52
46  0.0329108598397555   47
47  0.9338260545622364   52
47  0.0329108598397555   47
48  0.9338260545622364   51
48  0.0329108598397555   48
49  0.9338260545622364   51
49  0.0329108598397555   48
50  0.9338260545622364   51
50  0.0329108598397555   48
51  0.9338260545622364   51
51  0.0329108598397555   48
52  0.9338260545622364   51
52  0.0329108598397555   48
53  0.9338260545622364   51
53  0.0329108598397555   48
54  0.9338260545622364   51
54  0.0329108598397555   48
55  0.9338260545622364   51
55  0.0329108598397555   48
56  0.9338260545622364   51
56  0.0329108598397555   48
57  0.9338260545622364   49
57  0.0329108598397555   50
58  0.9338260545622364   49
58  0.0329108598397555   50
59  0.9338260545622364   49
59  0.0329108598397555   50
60  0.9338260545622364   50
60  0.0329108598397555   49
61  0.9338260545622364   50
61  0.0329108598397555   49
62  0.9338260545622364   50
62  0.0329108598397555   49
63  0.9338260545622364   50
63  0.0329108598397555   49
64  0.9338260545622364   50
64  0.0329108598397555   49
65  0.9338260545622364   50
65  0.0329108598397555   49
66  0.9338260545622364   50
66  0.0329108598397555   49
67  0.9338260545622364   50
67  0.0329108598397555   49
68  0.9338260545622364   50
68  0.0329108598397555   49
69  0.9338260545622364   51
69  0.0329108598397555   48
70  0.9338260545622364   51
70  0.0329108598397555   48
71  0.9338260545622364   51
71  0.0329108598397555   48
72  0.9338260545622364   51
72  0.0329108598397555   48
73  0.9338260545622364   51
73  0.0329108598397555   48
74  0.9338260545622364   51
74  0.0329108598397555   48
75  0.9338260545622364   51
75  0.0329108598397555   48
76  0.9338260545622364   51
76  0.0329108598397555   48
77  0.9338260545622364   51
77  0.0329108598397555   48
78  0.9338260545622364   49
78  0.0329108598397555   50
79  0.9338260545622364   49
79  0.0329108598397555   50
80  0.9338260545622364   49
80  0.0329108598397555   50
81  0.9338260545622364   49
81  0.0329108598397555   50
82  0.9338260545622364   49
82  0.0329108598397555   50
83  0.9338260545622364   49
83  0.0329108598397555   50
84  0.9338260545622364   50
84  0.0329108598397555   49
85  0.9338260545622364   50
85  0.0329108598397555   49
86  0.9338260545622364   50
86  0.0329108598397555   49
87  0.9338260545622364   50
87  0.0329108598397555   49
88  0.9338260545622364   50
88  0.0329108598397555   49
89  0.9338260545622364   50
89  0.0329108598397555   49
90  0.9338260545622364   50
90  0.0329108598397555   49
91  0.9338260545622364   50
91  0.0329108598397555   49
92  0.9338260545622364   50
92  0.0329108598397555   49
93  0.9338260545622364   50
93  0.0329108598397555   49
94  0.9338260545622364   50
94  0.0329108598397555   49
95  0.9338260545622364   50
95  0.0329108598397555   49
96  0.9338260545622364   49
96  0.0329108598397555   50
97  0.9338260545622364   49
97  0.0329108598397555   50
98  0.9338260545622364   49
98  0.0329108598397555   50
99  0.9338260545622364   49
99  0.0329108598397555   50
100  0.9338260545622364   49
100  0.0329108598397555   50
101  0.9338260545622364   49
101  0.0329108598397555   50
102  0.9338260545622364   50
102  0.0329108598397555   49
103  0.9338260545622364   50
103  0.0329108598397555   49
104  0.9338260545622364   50
104  0.0329108598397555   49
105  0.9338260545622364   51
105  0.0329108598397555   48
106  0.9338260545622364   51
106  0.0329108598397555   48
107  0.9338260545622364   51
107  0.0329108598397555   48
108  0.9338260545622364   51
108  0.0329108598397555   48
109  0.9338260545622364   51
109  0.0329108598397555   48
110  0.9338260545622364   51
110  0.0329108598397555   48
111  0.9338260545622364   50
111  0.0329108598397555   49
112  0.9338260545622364   50
112  0.0329108598397555   49
113  0.9338260545622364   50
113  0.0329108598397555   49
114  0.9338260545622364   50
114  0.0329108598397555   49
115  0.9338260545622364   50
115  0.0329108598397555   49
116  0.9338260545622364   50
116  0.0329108598397555   49
117  0.9338260545622364   50
117  0.0329108598397555   49
118  0.9338260545622364   50
118  0.0329108598397555   49
119  0.9338260545622364   50
119  0.0329108598397555   49
120  0.9338260545622364   50
120  0.0329108598397555   49
121  0.9338260545622364   50
121  0.0329108598397555   49
122  0.9338260545622364   50
122  0.0329108598397555   49
123  0.9338260545622364   50
123  0.0329108598397555   49
124  0.9338260545622364   50
124  0.0329108598397555   49
125  0.9338260545622364   50
125  0.0329108598397555   49
126  0.9338260545622364   50
126  0.0329108598397555   49
127  0.9338260545622364   50
127  0.0329108598397555   49
128  0.9338260545622364   50
128  0.0329108598397555   49
129  0.9338260545622364   50
129  0.0329108598397555   49
130  0.9338260545622364   50
130  0.0329108598397555   49
131  0.9338260545622364   50
131  0.0329108598397555   49
132  0.9338260545622364   51
132  0.0329108598397555   48
133  0.9338260545622364   51
133  0.0329108598397555   48
134  0.9338260545622364   51
134  0.0329108598397555   48
135  0.9338260545622364   51
135  0.0329108598397555   48
136  0.9338260545622364   51
136  0.0329108598397555   48
137  0.9338260545622364   51
137  0.0329108598397555   48
138  0.9338260545622364   51
138  0.0329108598397555   48
139  0.9338260545622364   51
139  0.0329108598397555   48
140  0.9338260545622364   51
140  0.0329108598397555   48
141  0.9338260545622364   51
141  0.0329108598397555   48
142  0.9338260545622364   51
142  0.0329108598397555   48
143  0.9338260545622364   51
143  0.0329108598397555   48
144  0.9338260545622364   51
144  0.0329108598397555   48
145  0.9338260545622364   51
145  0.0329108598397555   48
146  0.9338260545622364   51
146  0.0329108598397555   48
147  0.9338260545622364   51
147  0.0329108598397555   48
148  0.9338260545622364   51
148  0.0329108598397555   48
149  0.9338260545622364   51
149  0.0329108598397555   48
150  0.9338260545622364   50
150  0.0329108598397555   49
151  0.9338260545622364   50
151  0.0329108598397555   49
152  0.9338260545622364   50
152  0.0329108598397555   49
153  0.9338260545622364   52
153  0.0329108598397555   47
154  0.9338260545622364   52
154  0.0329108598397555   47
155  0.9338260545622364   52
155  0.0329108598397555   47
156  0.9338260545622364   52
156  0.0329108598397555   47
157  0.9338260545622364   52
157  0.0329108598397555   47
158  0.9338260545622364   52
158  0.0329108598397555   47
159  0.9338260545622364   52
159  0.0329108598397555   47
160  0.9338260545622364   52
160  0.0329108598397555   47
161  0.9338260545622364   52
161  0.0329108598397555   47
162  0.9338260545622364   52
162  0.0329108598397555   47
163  0.9338260545622364   52
163  0.0329108598397555   47
164  0.9338260545622364   52
164  0.0329108598397555   47
165  0.9338260545622364   52
165  0.0329108598397555   47
166  0.9338260545622364   52
166  0.0329108598397555   47
167  0.9338260545622364   52
167  0.0329108598397555   47
168  0.9338260545622364   52
168  0.0329108598397555   47
169  0.9338260545622364   52
169  0.0329108598397555   47
170  0.9338260545622364   52
170  0.0329108598397555   47
171  0.9338260545622364   54
171  0.0329108598397555   45
172  0.9338260545622364   54
172  0.0329108598397555   45
173  0.9338260545622364   54
173  0.0329108598397555   45
174  0.9338260545622364   53
174  0.0329108598397555   46
175  0.9338260545622364   53
175  0.0329108598397555   46
176  0.9338260545622364   53
176  0.0329108598397555   46
177  0.9338260545622364   53
177  0.0329108598397555   46
178  0.9338260545622364   53
178  0.0329108598397555   46
179  0.9338260545622364   53
179  0.0329108598397555   46
180  0.9338260545622364   53
180  0.0329108598397555   46
181  0.9338260545622364   53
181  0.0329108598397555   46
182  0.9338260545622364   53
182  0.0329108598397555   46
183  0.9338260545622364   52
183  0.0329108598397555   47
184  0.9338260545622364   52
184  0.0329108598397555   47
185  0.9338260545622364   52
185  0.0329108598397555   47
186  0.9338260545622364   53
186  0.0329108598397555   46
187  0.9338260545622364   53
187  0.0329108598397555   46
188  0.9338260545622364   53
188  0.0329108598397555   46
189  0.9338260545622364   53
189  0.0329108598397555   46
190  0.9338260545622364   53
190  0.0329108598397555   46
191  0.9338260545622364   53
191  0.0329108598397555   46
192  0.9338260545622364   53
192  0.0329108598397555   46
193  0.9338260545622364   53
193  0.0329108598397555   46
194  0.9338260545622364   53
194  0.0329108598397555   46
195  0.9338260545622364   53
195  0.0329108598397555   46
196  0.9338260545622364   53
196  0.0329108598397555   46
197  0.9338260545622364   53
197  0.0329108598397555   46
198  0.9338260545622364   53
198  0.0329108598397555   46
199  0.9338260545622364   53
199  0.0329108598397555   46
200  0.9338260545622364   53
200  0.0329108598397555   46
201  0.9338260545622364   53
201  0.0329108598397555   46
202  0.9338260545622364   53
202  0.0329108598397555   46
203  0.9338260545622364   53
203  0.0329108598397555   46
204  0.9338260545622364   52
204  0.0329108598397555   47
205  0.9338260545622364   52
205  0.0329108598397555   47
206  0.9338260545622364   52
206  0.0329108598397555   47
207  0.9338260545622364   52
207  0.0329108598397555   47
208  0.9338260545622364   52
208  0.0329108598397555   47
209  0.9338260545622364   52
209  0.0329108598397555   47
210  0.9338260545622364   52
210  0.0329108598397555   47
211  0.9338260545622364   52
211  0.0329108598397555   47
212  0.9338260545622364   52
212  0.0329108598397555   47
213  0.9338260545622364   52
213  0.0329108598397555   47
214  0.9338260545622364   52
214  0.0329108598397555   47
215  0.9338260545622364   52
215  0.0329108598397555   47
216  0.9338260545622364   50
216  0.0329108598397555   49
217  0.9338260545622364   50
217  0.0329108598397555   49
218  0.9338260545622364   50
218  0.0329108598397555   49
219  0.9338260545622364   51
219  0.0329108598397555   48
220  0.9338260545622364   51
220  0.0329108598397555   48
221  0.9338260545622364   51
221  0.0329108598397555   48
222  0.9338260545622364   51
222  0.0329108598397555   48
223  0.9338260545622364   51
223  0.0329108598397555   48
224  0.9338260545622364   51
224  0.0329108598397555   48
225  0.9338260545622364   51
225  0.0329108598397555   48
226  0.9338260545622364   51
226  0.0329108598397555   48
227  0.9338260545622364   51
227  0.0329108598397555   48
228  0.9338260545622364   50
228  0.0329108598397555   49
229  0.9338260545622364   50
229  0.0329108598397555   49
230  0.9338260545622364   50
230  0.0329108598397555   49
231  0.9338260545622364   51
231  0.0329108598397555   48
232  0.9338260545622364   51
232  0.0329108598397555   48
233  0.9338260545622364   51
233  0.0329108598397555   48
234  0.9338260545622364   50
234  0.0329108598397555   49
235  0.9338260545622364   50
235  0.0329108598397555   49
236  0.9338260545622364   50
236  0.0329108598397555   49
237  0.9338260545622364   50
237  0.0329108598397555   49
238  0.9338260545622364   50
238  0.0329108598397555   49
239  0.9338260545622364   50
239  0.0329108598397555   49
240  0.9338260545622364   49
240  0.0329108598397555   50
241  0.9338260545622364   49
241  0.0329108598397555   50
242  0.9338260545622364   49
242  0.0329108598397555   50
243  0.9338260545622364   48
243  0.0329108598397555   51
244  0.9338260545622364   48
244  0.0329108598397555   51
245  0.9338260545622364   48
245  0.0329108598397555   51
246  0.9338260545622364   48
246  0.0329108598397555   51
247  0.9338260545622364   48
247  0.0329108598397555   51
248  0.9338260545622364   48
248  0.0329108598397555   51
249  0.9338260545622364   48
249  0.0329108598397555   51
250  0.9338260545622364   48
250  0.0329108598397555   51
251  0.9338260545622364   48
251  0.0329108598397555   51
252  0.9338260545622364   49
252  0.0329108598397555   50
253  0.9338260545622364   49
253  0.0329108598397555   50
254  0.9338260545622364   49
254  0.0329108598397555   50
255  0.9338260545622364   51
255  0.0329108598397555   48
256  0.9338260545622364   51
256  0.0329108598397555   48
257  0.9338260545622364   51
257  0.0329108598397555   48
258  0.9338260545622364   50
258  0.0329108598397555   49
259  0.9338260545622364   50
259  0.0329108598397555   49
260  0.9338260545622364   50
260  0.0329108598397555   49
261  0.9338260545622364   51
261  0.0329108598397555   48
262  0.9338260545622364   51
262  0.0329108598397555   48
263  0.9338260545622364   51
263  0.0329108598397555   48
264  0.9338260545622364   52
264  0.0329108598397555   47
265  0.9338260545622364   52
265  0.0329108598397555   47
266  0.9338260545622364   52
266  0.0329108598397555   47
267  0.9338260545622364   52
267  0.0329108598397555   47
268  0.9338260545622364   52
268  0.0329108598397555   47
269  0.9338260545622364   52
269  0.0329108598397555   47
270  0.9338260545622364   52
270  0.0329108598397555   47
271  0.9338260545622364   52
271  0.0329108598397555   47
272  0.9338260545622364   52
272  0.0329108598397555   47
273  0.9338260545622364   51
273  0.0329108598397555   48
274  0.9338260545622364   51
274  0.0329108598397555   48
275  0.9338260545622364   51
275  0.0329108598397555   48
276  0.9338260545622364   52
276  0.0329108598397555   47
277  0.9338260545622364   52
277  0.0329108598397555   47
278  0.9338260545622364   52
278  0.0329108598397555   47
279  0.9338260545622364   50
279  0.0329108598397555   49
280  0.9338260545622364   50
280  0.0329108598397555   49
281  0.9338260545622364   50
281  0.0329108598397555   49
282  0.9338260545622364   52
282  0.0329108598397555   47
283  0.9338260545622364   52
283  0.0329108598397555   47
284  0.9338260545622364   52
284  0.0329108598397555   47
285  0.9338260545622364   50
285  0.0329108598397555   49
286  0.9338260545622364   50
286  0.0329108598397555   49
287  0.9338260545622364   50
287  0.0329108598397555   49
288  0.9338260545622364   50
288  0.0329108598397555   49
289  0.9338260545622364   50
289  0.0329108598397555   49
290  0.9338260545622364   50
290  0.0329108598397555   49
291  0.9338260545622364   50
291  0.0329108598397555   49
292  0.9338260545622364   50
292  0.0329108598397555   49
293  0.9338260545622364   50
293  0.0329108598397555   49
294  0.9338260545622364   50
294  0.0329108598397555   49
295  0.9338260545622364   50
295  0.0329108598397555   49
296  0.9338260545622364   50
296  0.0329108598397555   49
297  0.9338260545622364   51
297  0.0329108598397555   48
298  0.9338260545622364   51
298  0.0329108598397555   48
299  0.9338260545622364   51
299  0.0329108598397555   48
300  0.9338260545622364   50
300  0.0329108598397555   49
301  0.9338260545622364   50
301  0.0329108598397555   49
302  0.9338260545622364   50
302  0.0329108598397555   49
303  0.9338260545622364   50
303  0.0329108598397555   49
304  0.9338260545622364   50
304  0.0329108598397555   49
305  0.9338260545622364   50
305  0.0329108598397555   49
306  0.9338260545622364   49
306  0.0329108598397555   50
307  0.9338260545622364   49
307  0.0329108598397555   50
308  0.9338260545622364   49
308  0.0329108598397555   50
309  0.9338260545622364   49
309  0.0329108598397555   50
310  0.9338260545622364   49
310  0.0329108598397555   50
311  0.9338260545622364   49
311  0.0329108598397555   50
312  0.9338260545622364   49
312  0.0329108598397555   50
313  0.9338260545622364   49
313  0.0329108598397555   50
314  0.9338260545622364   49
314  0.0329108598397555   50
315  0.9338260545622364   49
315  0.0329108598397555   50
316  0.9338260545622364   49
316  0.0329108598397555   50
317  0.9338260545622364   49
317  0.0329108598397555   50
318  0.9338260545622364   49
318  0.0329108598397555   50
319  0.9338260545622364   49
319  0.0329108598397555   50
320  0.9338260545622364   49
320  0.0329108598397555   50
321  0.9338260545622364   49
321  0.0329108598397555   50
322  0.9338260545622364   49
322  0.0329108598397555   50
323  0.9338260545622364   49
323  0.0329108598397555   50
324  0.9338260545622364   50
324  0.0329108598397555   49
325  0.9338260545622364   50
325  0.0329108598397555   49
326  0.9338260545622364   50
326  0.0329108598397555   49
327  0.9338260545622364   48
327  0.0329108598397555   51
328  0.9338260545622364   48
328  0.0329108598397555   51
329  0.9338260545622364   48
329  0.0329108598397555   51
330  0.9338260545622364   48
330  0.0329108598397555   51
331  0.9338260545622364   48
331  0.0329108598397555   51
332  0.9338260545622364   48
332  0.0329108598397555   51
333  0.9338260545622364   49
333  0.0329108598397555   50
334  0.9338260545622364   49
334  0.0329108598397555   50
335  0.9338260545622364   49
335  0.0329108598397555   50
336  0.9338260545622364   50
336  0.0329108598397555   49
337  0.9338260545622364   50
337  0.0329108598397555   49
338  0.9338260545622364   50
338  0.0329108598397555   49
339  0.9338260545622364   49
339  0.0329108598397555   50
340  0.9338260545622364   49
340  0.0329108598397555   50
341  0.9338260545622364   49
341  0.0329108598397555   50
342  0.9338260545622364   50
342  0.0329108598397555   49
343  0.9338260545622364   50
343  0.0329108598397555   49
344  0.9338260545622364   50
344  0.0329108598397555   49
345  0.9338260545622364   50
345  0.0329108598397555   49
346  0.9338260545622364   50
346  0.0329108598397555   49
347  0.9338260545622364   50
347  0.0329108598397555   49
348  0.9338260545622364   51
348  0.0329108598397555   48
349  0.9338260545622364   51
349  0.0329108598397555   48
350  0.9338260545622364   51
350  0.0329108598397555   48
351  0.9338260545622364   53
351  0.0329108598397555   46
352  0.9338260545622364   53
352  0.0329108598397555   46
353  0.9338260545622364   53
353  0.0329108598397555   46
354  0.9338260545622364   52
354  0.0329108598397555   47
355  0.9338260545622364   52
355  0.0329108598397555   47
356  0.9338260545622364   52
356  0.0329108598397555   47
357  0.9338260545622364   54
357  0.0329108598397555   45
358  0.9338260545622364   54
358  0.0329108598397555   45
359  0.9338260545622364   54
359  0.0329108598397555   45
360  0.9338260545622364   53
360  0.0329108598397555   46
361  0.9338260545622364   53
361  0.0329108598397555   46
362  0.9338260545622364   53
362  0.0329108598397555   46
363  0.9338260545622364   53
363  0.0329108598397555   46
364  0.9338260545622364   53
364  0.0329108598397555   46
365  0.9338260545622364   53
365  0.0329108598397555   46
366  0.9338260545622364   53
366  0.0329108598397555   46
367  0.9338260545622364   53
367  0.0329108598397555   46
368  0.9338260545622364   53
368  0.0329108598397555   46
369  0.9338260545622364   53
369  0.0329108598397555   46
370  0.9338260545622364   53
370  0.0329108598397555   46
371  0.9338260545622364   53
371  0.0329108598397555   46
372  0.9338260545622364   52
372  0.0329108598397555   47
373  0.9338260545622364   52
373  0.0329108598397555   47
374  0.9338260545622364   52
374  0.0329108598397555   47
375  0.9338260545622364   50
375  0.0329108598397555   49
376  0.9338260545622364   50
376  0.0329108598397555   49
377  0.9338260545622364   50
377  0.0329108598397555   49
378  0.9338260545622364   50
378  0.0329108598397555   49
379  0.9338260545622364   50
379  0.0329108598397555   49
380  0.9338260545622364   50
380  0.0329108598397555   49
381  0.9338260545622364   51
381  0.0329108598397555   48
382  0.9338260545622364   51
382  0.0329108598397555   48
383  0.9338260545622364   51
383  0.0329108598397555   48
384  0.9338260545622364   53
384  0.0329108598397555   46
385  0.9338260545622364   53
385  0.0329108598397555   46
386  0.9338260545622364   53
386  0.0329108598397555   46
387  0.9338260545622364   52
387  0.0329108598397555   47
388  0.9338260545622364   52
388  0.0329108598397555   47
389  0.9338260545622364   52
389  0.0329108598397555   47
390  0.9338260545622364   52
390  0.0329108598397555   47
391  0.9338260545622364   52
391  0.0329108598397555   47
392  0.9338260545622364   52
392  0.0329108598397555   47
393  0.9338260545622364   53
393  0.0329108598397555   46
394  0.9338260545622364   53
394  0.0329108598397555   46
395  0.9338260545622364   53
395  0.0329108598397555   46
396  0.9338260545622364   52
396  0.0329108598397555   47
397  0.9338260545622364   52
397  0.0329108598397555   47
398  0.9338260545622364   52
398  0.0329108598397555   47
399  0.9338260545622364   53
399  0.0329108598397555   46
400  0.9338260545622364   53
400  0.0329108598397555   46
401  0.9338260545622364   53
401  0.0329108598397555   46
402  0.9338260545622364   51
402  0.0329108598397555   48
403  0.9338260545622364   51
403  0.0329108598397555   48
404  0.9338260545622364   51
404  0.0329108598397555   48
405  0.9338260545622364   51
405  0.0329108598397555   48
406  0.9338260545622364   51
406  0.0329108598397555   48
407  0.9338260545622364   51
407  0.0329108598397555   48
408  0.9338260545622364   52
408  0.0329108598397555   47
409  0.9338260545622364   52
409  0.0329108598397555   47
410  0.9338260545622364   52
410  0.0329108598397555   47
411  0.9338260545622364   52
411  0.0329108598397555   47
412  0.9338260545622364   52
412  0.0329108598397555   47
413  0.9338260545622364   52
413  0.0329108598397555   47
414  0.9338260545622364   52
414  0.0329108598397555   47
415  0.9338260545622364   52
415  0.0329108598397555   47
416  0.9338260545622364   52
416  0.0329108598397555   47
417  0.9338260545622364   52
417  0.0329108598397555   47
418  0.9338260545622364   52
418  0.0329108598397555   47
419  0.9338260545622364   52
419  0.0329108598397555   47
420  0.9338260545622364   52
420  0.0329108598397555   47
421  0.9338260545622364   52
421  0.0329108598397555   47
422  0.9338260545622364   52
422  0.0329108598397555   47
423  0.9338260545622364   51
423  0.0329108598397555   48
424  0.9338260545622364   51
424  0.0329108598397555   48
425  0.9338260545622364   51
425  0.0329108598397555   48
426  0.9338260545622364   50
426  0.0329108598397555   49
427  0.9338260545622364   50
427  0.0329108598397555   49
428  0.9338260545622364   50
428  0.0329108598397555   49
429  0.9338260545622364   50
429  0.0329108598397555   49
430  0.9338260545622364   50
430  0.0329108598397555   49
431  0.9338260545622364   50
431  0.0329108598397555   49
432  0.9338260545622364   51
432  0.0329108598397555   48
433  0.9338260545622364   51
433  0.0329108598397555   48
434  0.9338260545622364   51
434  0.0329108598397555   48
435  0.9338260545622364   51
435  0.0329108598397555   48
436  0.9338260545622364   51
436  0.0329108598397555   48
437  0.9338260545622364   51
437  0.0329108598397555   48
438  0.9338260545622364   51
438  0.0329108598397555   48
439  0.9338260545622364   51
439  0.0329108598397555   48
440  0.9338260545622364   51
440  0.0329108598397555   48
441  0.9338260545622364   51
441  0.0329108598397555   48
442  0.9338260545622364   51
442  0.0329108598397555   48
443  0.9338260545622364   51
443  0.0329108598397555   48
444  0.9338260545622364   53
444  0.0329108598397555   46
445  0.9338260545622364   53
445  0.0329108598397555   46
446  0.9338260545622364   53
446  0.0329108598397555   46
447  0.9338260545622364   53
447  0.0329108598397555   46
448  0.9338260545622364   53
448  0.0329108598397555   46
449  0.9338260545622364   53
449  0.0329108598397555   46
450  0.9338260545622364   51
450  0.0329108598397555   48
451  0.9338260545622364   51
451  0.0329108598397555   48
452  0.9338260545622364   51
452  0.0329108598397555   48
453  0.9338260545622364   52
453  0.0329108598397555   47
454  0.9338260545622364   52
454  0.0329108598397555   47
455  0.9338260545622364   52
455  0.0329108598397555   47
456  0.9338260545622364   52
456  0.0329108598397555   47
457  0.9338260545622364   52
457  0.0329108598397555   47
458  0.9338260545622364   52
458  0.0329108598397555   47
459  0.9338260545622364   51
459  0.0329108598397555   48
460  0.9338260545622364   51
460  0.0329108598397555   48
461  0.9338260545622364   51
461  0.0329108598397555   48
462  0.9338260545622364   50
462  0.0329108598397555   49
463  0.9338260545622364   50
463  0.0329108598397555   49
464  0.9338260545622364   50
464  0.0329108598397555   49
465  0.9338260545622364   49
465  0.0329108598397555   50
466  0.9338260545622364   49
466  0.0329108598397555   50
467  0.9338260545622364   49
467  0.0329108598397555   50
468  0.9338260545622364   49
468  0.0329108598397555   50
469  0.9338260545622364   49
469  0.0329108598397555   50
470  0.9338260545622364   49
470  0.0329108598397555   50
471  0.9338260545622364   50
471  0.0329108598397555   49
472  0.9338260545622364   50
472  0.0329108598397555   49
473  0.9338260545622364   50
473  0.0329108598397555   49
474  0.9338260545622364   50
474  0.0329108598397555   49
475  0.9338260545622364   50
475  0.0329108598397555   49
476  0.9338260545622364   50
476  0.0329108598397555   49
477  0.9338260545622364   50
477  0.0329108598397555   49
478  0.9338260545622364   50
478  0.0329108598397555   49
479  0.9338260545622364   50
479  0.0329108598397555   49
480  0.9338260545622364   50
480  0.0329108598397555   49
481  0.9338260545622364   50
481  0.0329108598397555   49
482  0.9338260545622364   50
482  0.0329108598397555   49
483  0.9338260545622364   52
483  0.0329108598397555   47
484  0.9338260545622364   52
484  0.0329108598397555   47
485  0.9338260545622364   52
485  0.0329108598397555   47
486  0.9338260545622364   50
486  0.0329108598397555   49
487  0.9338260545622364   50
487  0.0329108598397555   49
488  0.9338260545622364   50
488  0.0329108598397555   49
489  0.9338260545622364   50
489  0.0329108598397555   49
490  0.9338260545622364   50
490  0.0329108598397555   49
491  0.9338260545622364   50
491  0.0329108598397555   49
492  0.9338260545622364   50
492  0.0329108598397555   49
493  0.9338260545622364   50
493  0.0329108598397555   49
494  0.9338260545622364   50
494  0.0329108598397555   49
495  0.9338260545622364   51
495  0.0329108598397555   48
496  0.9338260545622364   51
496  0.0329108598397555   48
497  0.9338260545622364   51
497  0.0329108598397555   48
498  0.9338260545622364   51
498  0.0329108598397555   48
499  0.9338260545622364   51
499  0.0329108598397555   48
500  0.9338260545622364   51
500  0.0329108598397555   48
501  0.9338260545622364   52
501  0.0329108598397555   47
502  0.9338260545622364   52
502  0.0329108598397555   47
503  0.9338260545622364   52
503  0.0329108598397555   47
504  0.9338260545622364   51
504  0.0329108598397555   48
505  0.9338260545622364   51
505  0.0329108598397555   48
506  0.9338260545622364   51
506  0.0329108598397555   48
507  0.9338260545622364   50
507  0.0329108598397555   49
508  0.9338260545622364   50
508  0.0329108598397555   49
509  0.9338260545622364   50
509  0.0329108598397555   49
510  0.9338260545622364   50
510  0.0329108598397555   49
511  0.9338260545622364   50
511  0.0329108598397555   49
512  0.9338260545622364   50
512  0.0329108598397555   49
513  0.9338260545622364   51
513  0.0329108598397555   48
514  0.9338260545622364   51
514  0.0329108598397555   48
515  0.9338260545622364   51
515  0.0329108598397555   48
516  0.9338260545622364   51
516  0.0329108598397555   48
517  0.9338260545622364   51
517  0.0329108598397555   48
518  0.9338260545622364   51
518  0.0329108598397555   48
519  0.9338260545622364   51
519  0.0329108598397555   48
520  0.9338260545622364   51
520  0.0329108598397555   48
521  0.9338260545622364   51
521  0.0329108598397555   48
522  0.9338260545622364   51
522  0.0329108598397555   48
523  0.9338260545622364   51
523  0.0329108598397555   48
524  0.9338260545622364   51
524  0.0329108598397555   48
525  0.9338260545622364   51
525  0.0329108598397555   48
526  0.9338260545622364   51
526  0.0329108598397555   48
527  0.9338260545622364   51
527  0.0329108598397555   48
528  0.9338260545622364   51
528  0.0329108598397555   48
529  0.9338260545622364   51
529  0.0329108598397555   48
530  0.9338260545622364   51
530  0.0329108598397555   48
531  0.9338260545622364   50
531  0.0329108598397555   49
532  0.9338260545622364   50
532  0.0329108598397555   49
533  0.9338260545622364   50
533  0.0329108598397555   49
534  0.9338260545622364   50
534  0.0329108598397555   49
535  0.9338260545622364   50
535  0.0329108598397555   49
536  0.9338260545622364   50
536  0.0329108598397555   49
537  0.9338260545622364   49
537  0.0329108598397555   50
538  0.9338260545622364   49
538  0.0329108598397555   50
539  0.9338260545622364   49
539  0.0329108598397555   50
540  0.9338260545622364   50
540  0.0329108598397555   49
541  0.9338260545622364   50
541  0.0329108598397555   49
542  0.9338260545622364   50
542  0.0329108598397555   49
543  0.9338260545622364   51
543  0.0329108598397555   48
544  0.9338260545622364   51
544  0.0329108598397555   48
545  0.9338260545622364   51
545  0.0329108598397555   48
546  0.9338260545622364   53
546  0.0329108598397555   46
547  0.9338260545622364   53
547  0.0329108598397555   46
548  0.9338260545622364   53
548  0.0329108598397555   46
549  0.9338260545622364   53
549  0.0329108598397555   46
550  0.9338260545622364   53
550  0.0329108598397555   46
551  0.9338260545622364   53
551  0.0329108598397555   46
552  0.9338260545622364   53
552  0.0329108598397555   46
553  0.9338260545622364   53
553  0.0329108598397555   46
554  0.9338260545622364   53
554  0.0329108598397555   46
555  0.9338260545622364   52
555  0.0329108598397555   47
556  0.9338260545622364   52
556  0.0329108598397555   47
557  0.9338260545622364   52
557  0.0329108598397555   47
558  0.9338260545622364   51
558  0.0329108598397555   48
559  0.9338260545622364   51
559  0.0329108598397555   48
560  0.9338260545622364   51
560  0.0329108598397555   48
561  0.9338260545622364   51
561  0.0329108598397555   48
562  0.9338260545622364   51
562  0.0329108598397555   48
563  0.9338260545622364   51
563  0.0329108598397555   48
564  0.9338260545622364   51
564  0.0329108598397555   48
565  0.9338260545622364   51
565  0.0329108598397555   48
566  0.9338260545622364   51
566  0.0329108598397555   48
567  0.9338260545622364   52
567  0.0329108598397555   47
568  0.9338260545622364   52
568  0.0329108598397555   47
569  0.9338260545622364   52
569  0.0329108598397555   47
570  0.9338260545622364   50
570  0.0329108598397555   49
571  0.9338260545622364   50
571  0.0329108598397555   49
572  0.9338260545622364   50
572  0.0329108598397555   49
573  0.9338260545622364   50
573  0.0329108598397555   49
574  0.9338260545622364   50
574  0.0329108598397555   49
575  0.9338260545622364   50
575  0.0329108598397555   49
576  0.9338260545622364   49
576  0.0329108598397555   50
577  0.9338260545622364   49
577  0.0329108598397555   50
578  0.9338260545622364   49
578  0.0329108598397555   50
579  0.9338260545622364   51
579  0.0329108598397555   48
580  0.9338260545622364   51
580  0.0329108598397555   48
581  0.9338260545622364   51
581  0.0329108598397555   48
582  0.9338260545622364   52
582  0.0329108598397555   47
583  0.9338260545622364   52
583  0.0329108598397555   47
584  0.9338260545622364   52
584  0.0329108598397555   47
585  0.9338260545622364   51
585  0.0329108598397555   48
586  0.9338260545622364   51
586  0.0329108598397555   48
587  0.9338260545622364   51
587  0.0329108598397555   48
588  0.9338260545622364   50
588  0.0329108598397555   49
589  0.9338260545622364   50
589  0.0329108598397555   49
590  0.9338260545622364   50
590  0.0329108598397555   49
591  0.9338260545622364   52
591  0.0329108598397555   47
592  0.9338260545622364   52
592  0.0329108598397555   47
593  0.9338260545622364   52
593  0.0329108598397555   47
594  0.9338260545622364   52
594  0.0329108598397555   47
595  0.9338260545622364   52
595  0.0329108598397555   47
596  0.9338260545622364   52
596  0.0329108598397555   47
597  0.9338260545622364   52
597  0.0329108598397555   47
598  0.9338260545622364   52
598  0.0329108598397555   47
599  0.9338260545622364   52
599  0.0329108598397555   47
600  0.9338260545622364   51
600  0.0329108598397555   48
601  0.9338260545622364   51
601  0.0329108598397555   48
602  0.9338260545622364   51
602  0.0329108598397555   48
603  0.9338260545622364   50
603  0.0329108598397555   49
604  0.9338260545622364   50
604  0.0329108598397555   49
605  0.9338260545622364   50
605  0.0329108598397555   49
606  0.9338260545622364   51
606  0.0329108598397555   48
607  0.9338260545622364   51
607  0.0329108598397555   48
608  0.9338260545622364   51
608  0.0329108598397555   48
609  0.9338260545622364   50
609  0.0329108598397555   49
610  0.9338260545622364   50
610  0.0329108598397555   49
611  0.9338260545622364   50
611  0.0329108598397555   49
612  0.9338260545622364   50
612  0.0329108598397555   49
613  0.9338260545622364   50
613  0.0329108598397555   49
614  0.9338260545622364   50
614  0.0329108598397555   49
615  0.9338260545622364   51
615  0.0329108598397555   48
616  0.9338260545622364   51
616  0.0329108598397555   48
617  0.9338260545622364   51
617  0.0329108598397555   48
618  0.9338260545622364   51
618  0.0329108598397555   48
619  0.9338260545622364   51
619  0.0329108598397555   48
620  0.9338260545622364   51
620  0.0329108598397555   48
621  0.9338260545622364   52
621  0.0329108598397555   47
622  0.9338260545622364   52
622  0.0329108598397555   47
623  0.9338260545622364   52
623  0.0329108598397555   47
624  0.9338260545622364   53
624  0.0329108598397555   46
625  0.9338260545622364   53
625  0.0329108598397555   46
626  0.9338260545622364   53
626  0.0329108598397555   46
627  0.9338260545622364   53
627  0.0329108598397555   46
628  0.9338260545622364   53
628  0.0329108598397555   46
629  0.9338260545622364   53
629  0.0329108598397555   46
630  0.9338260545622364   52
630  0.0329108598397555   47
631  0.9338260545622364   52
631  0.0329108598397555   47
632  0.9338260545622364   52
632  0.0329108598397555   47
633  0.9338260545622364   52
633  0.0329108598397555   47
634  0.9338260545622364   52
634  0.0329108598397555   47
635  0.9338260545622364   52
635  0.0329108598397555   47
636  0.9338260545622364   53
636  0.0329108598397555   46
637  0.9338260545622364   53
637  0.0329108598397555   46
638  0.9338260545622364   53
638  0.0329108598397555   46
639  0.9338260545622364   53
639  0.0329108598397555   46
640  0.9338260545622364   53
640  0.0329108598397555   46
641  0.9338260545622364   53
641  0.0329108598397555   46
642  0.9338260545622364   53
642  0.0329108598397555   46
643  0.9338260545622364   53
643  0.0329108598397555   46
644  0.9338260545622364   53
644  0.0329108598397555   46
645  0.9338260545622364   52
645  0.0329108598397555   47
646  0.9338260545622364   52
646  0.0329108598397555   47
647  0.9338260545622364   52
647  0.0329108598397555   47
648  0.9338260545622364   51
648  0.0329108598397555   48
649  0.9338260545622364   51
649  0.0329108598397555   48
650  0.9338260545622364   51
650  0.0329108598397555   48
651  0.9338260545622364   51
651  0.0329108598397555   48
652  0.9338260545622364   51
652  0.0329108598397555   48
653  0.9338260545622364   51
653  0.0329108598397555   48
654  0.9338260545622364   51
654  0.0329108598397555   48
655  0.9338260545622364   51
655  0.0329108598397555   48
656  0.9338260545622364   51
656  0.0329108598397555   48
657  0.9338260545622364   51
657  0.0329108598397555   48
658  0.9338260545622364   51
658  0.0329108598397555   48
659  0.9338260545622364   51
659  0.0329108598397555   48
660  0.9338260545622364   51
660  0.0329108598397555   48
661  0.9338260545622364   51
661  0.0329108598397555   48
662  0.9338260545622364   51
662  0.0329108598397555   48
663  0.9338260545622364   48
663  0.0329108598397555   51
664  0.9338260545622364   48
664  0.0329108598397555   51
665  0.9338260545622364   48
665  0.0329108598397555   51
666  0.9338260545622364   48
666  0.0329108598397555   51
667  0.9338260545622364   48
667  0.0329108598397555   51
668  0.9338260545622364   48
668  0.0329108598397555   51
669  0.9338260545622364   50
669  0.0329108598397555   49
670  0.9338260545622364   50
670  0.0329108598397555   49
671  0.9338260545622364   50
671  0.0329108598397555   49
672  0.9338260545622364   50
672  0.0329108598397555   49
673  0.9338260545622364   50
673  0.0329108598397555   49
674  0.9338260545622364   50
674  0.0329108598397555   49
675  0.9338260545622364   51
675  0.0329108598397555   48
676  0.9338260545622364   51
676  0.0329108598397555   48
677  0.9338260545622364   51
677  0.0329108598397555   48
678  0.9338260545622364   52
678  0.0329108598397555   47
679  0.9338260545622364   52
679  0.0329108598397555   47
680  0.9338260545622364   52
680  0.0329108598397555   47
681  0.9338260545622364   52
681  0.0329108598397555   47
682  0.9338260545622364   52
682  0.0329108598397555   47
683  0.9338260545622364   52
683  0.0329108598397555   47
684  0.9338260545622364   54
684  0.0329108598397555   45
685  0.9338260545622364   54
685  0.0329108598397555   45
686  0.9338260545622364   54
686  0.0329108598397555   45
687  0.9338260545622364   52
687  0.0329108598397555   47
688  0.9338260545622364   52
688  0.0329108598397555   47
689  0.9338260545622364   52
689  0.0329108598397555   47
690  0.9338260545622364   51
690  0.0329108598397555   48
691  0.9338260545622364   51
691  0.0329108598397555   48
692  0.9338260545622364   51
692  0.0329108598397555   48
693  0.9338260545622364   51
693  0.0329108598397555   48
694  0.9338260545622364   51
694  0.0329108598397555   48
695  0.9338260545622364   51
695  0.0329108598397555   48
696  0.9338260545622364   51
696  0.0329108598397555   48
697  0.9338260545622364   51
697  0.0329108598397555   48
698  0.9338260545622364   51
698  0.0329108598397555   48
699  0.9338260545622364   51
699  0.0329108598397555   48
700  0.9338260545622364   51
700  0.0329108598397555   48
701  0.9338260545622364   51
701  0.0329108598397555   48
702  0.9338260545622364   51
702  0.0329108598397555   48
703  0.9338260545622364   51
703  0.0329108598397555   48
704  0.9338260545622364   51
704  0.0329108598397555   48
705  0.9338260545622364   51
705  0.0329108598397555   48
706  0.9338260545622364   51
706  0.0329108598397555   48
707  0.9338260545622364   51
707  0.0329108598397555   48
708  0.9338260545622364   50
708  0.0329108598397555   49
709  0.9338260545622364   50
709  0.0329108598397555   49
710  0.9338260545622364   50
710  0.0329108598397555   49
711  0.9338260545622364   51
711  0.0329108598397555   48
712  0.9338260545622364   51
712  0.0329108598397555   48
713  0.9338260545622364   51
713  0.0329108598397555   48
714  0.9338260545622364   52
714  0.0329108598397555   47
715  0.9338260545622364   52
715  0.0329108598397555   47
716  0.9338260545622364   52
716  0.0329108598397555   47
717  0.9338260545622364   52
717  0.0329108598397555   47
718  0.9338260545622364   52
718  0.0329108598397555   47
719  0.9338260545622364   52
719  0.0329108598397555   47
720  0.9338260545622364   52
720  0.0329108598397555   47
721  0.9338260545622364   52
721  0.0329108598397555   47
722  0.9338260545622364   52
722  0.0329108598397555   47
723  0.9338260545622364   51
723  0.0329108598397555   48
724  0.9338260545622364   51
724  0.0329108598397555   48
725  0.9338260545622364   51
725  0.0329108598397555   48
726  0.9338260545622364   51
726  0.0329108598397555   48
727  0.9338260545622364   51
727  0.0329108598397555   48
728  0.9338260545622364   51
728  0.0329108598397555   48
729  0.9338260545622364   51
729  0.0329108598397555   48
730  0.9338260545622364   51
730  0.0329108598397555   48
731  0.9338260545622364   51
731  0.0329108598397555   48
732  0.9338260545622364   51
732  0.0329108598397555   48
733  0.9338260545622364   51
733  0.0329108598397555   48
734  0.9338260545622364   51
734  0.0329108598397555   48
735  0.9338260545622364   51
735  0.0329108598397555   48
736  0.9338260545622364   51
736  0.0329108598397555   48
737  0.9338260545622364   51
737  0.0329108598397555   48
738  0.9338260545622364   52
738  0.0329108598397555   47
739  0.9338260545622364   52
739  0.0329108598397555   47
740  0.9338260545622364   52
740  0.0329108598397555   47
741  0.9338260545622364   52
741  0.0329108598397555   47
742  0.9338260545622364   52
742  0.0329108598397555   47
743  0.9338260545622364   52
743  0.0329108598397555   47
744  0.9338260545622364   51
744  0.0329108598397555   48
745  0.9338260545622364   51
745  0.0329108598397555   48
746  0.9338260545622364   51
746  0.0329108598397555   48
747  0.9338260545622364   51
747  0.0329108598397555   48
748  0.9338260545622364   51
748  0.0329108598397555   48
749  0.9338260545622364   51
749  0.0329108598397555   48
750  0.9338260545622364   51
750  0.0329108598397555   48
751  0.9338260545622364   51
751  0.0329108598397555   48
752  0.9338260545622364   51
752  0.0329108598397555   48
753  0.9338260545622364   51
753  0.0329108598397555   48
754  0.9338260545622364   51
754  0.0329108598397555   48
755  0.9338260545622364   51
755  0.0329108598397555   48
756  0.9338260545622364   51
756  0.0329108598397555   48
757  0.9338260545622364   51
757  0.0329108598397555   48
758  0.9338260545622364   51
758  0.0329108598397555   48
759  0.9338260545622364   51
759  0.0329108598397555   48
760  0.9338260545622364   51
760  0.0329108598397555   48
761  0.9338260545622364   51
761  0.0329108598397555   48
762  0.9338260545622364   52
762  0.0329108598397555   47
763  0.9338260545622364   52
763  0.0329108598397555   47
764  0.9338260545622364   52
764  0.0329108598397555   47
765  0.9338260545622364   54
765  0.0329108598397555   45
766  0.9338260545622364   54
766  0.0329108598397555   45
767  0.9338260545622364   54
767  0.0329108598397555   45
768  0.9338260545622364   53
768  0.0329108598397555   46
769  0.9338260545622364   53
769  0.0329108598397555   46
770  0.9338260545622364   53
770  0.0329108598397555   46
771  0.9338260545622364   54
771  0.0329108598397555   45
772  0.9338260545622364   54
772  0.0329108598397555   45
773  0.9338260545622364   54
773  0.0329108598397555   45
774  0.9338260545622364   53
774  0.0329108598397555   46
775  0.9338260545622364   53
775  0.0329108598397555   46
776  0.9338260545622364   53
776  0.0329108598397555   46
777  0.9338260545622364   52
777  0.0329108598397555   47
778  0.9338260545622364   52
778  0.0329108598397555   47
779  0.9338260545622364   52
779  0.0329108598397555   47
780  0.9338260545622364   50
780  0.0329108598397555   49
781  0.9338260545622364   50
781  0.0329108598397555   49
782  0.9338260545622364   50
782  0.0329108598397555   49
783  0.9338260545622364   50
783  0.0329108598397555   49
784  0.9338260545622364   50
784  0.0329108598397555   49
785  0.9338260545622364   50
785  0.0329108598397555   49
786  0.9338260545622364   51
786  0.0329108598397555   48
787  0.9338260545622364   51
787  0.0329108598397555   48
788  0.9338260545622364   51
788  0.0329108598397555   48
789  0.9338260545622364   51
789  0.0329108598397555   48
790  0.9338260545622364   51
790  0.0329108598397555   48
791  0.9338260545622364   51
791  0.0329108598397555   48
792  0.9338260545622364   52
792  0.0329108598397555   47
793  0.9338260545622364   52
793  0.0329108598397555   47
794  0.9338260545622364   52
794  0.0329108598397555   47
795  0.9338260545622364   52
795  0.0329108598397555   47
796  0.9338260545622364   52
796  0.0329108598397555   47
797  0.9338260545622364   52
797  0.0329108598397555   47
798  0.9338260545622364   52
798  0.0329108598397555   47
799  0.9338260545622364   52
799  0.0329108598397555   47
800  0.9338260545622364   52
800  0.0329108598397555   47
801  0.9338260545622364   51
801  0.0329108598397555   48
802  0.9338260545622364   51
802  0.0329108598397555   48
803  0.9338260545622364   51
803  0.0329108598397555   48
804  0.9338260545622364   51
804  0.0329108598397555   48
805  0.9338260545622364   51
805  0.0329108598397555   48
806  0.9338260545622364   51
806  0.0329108598397555   48
807  0.9338260545622364   49
807  0.0329108598397555   50
808  0.9338260545622364   49
808  0.0329108598397555   50
809  0.9338260545622364   49
809  0.0329108598397555   50
810  0.9338260545622364   51
810  0.0329108598397555   48
811  0.9338260545622364   51
811  0.0329108598397555   48
812  0.9338260545622364   51
812  0.0329108598397555   48
813  0.9338260545622364   50
813  0.0329108598397555   49
814  0.9338260545622364   50
814  0.0329108598397555   49
815  0.9338260545622364   50
815  0.0329108598397555   49
816  0.9338260545622364   50
816  0.0329108598397555   49
817  0.9338260545622364   50
817  0.0329108598397555   49
818  0.9338260545622364   50
818  0.0329108598397555   49
819  0.9338260545622364   50
819  0.0329108598397555   49
820  0.9338260545622364   50
820  0.0329108598397555   49
821  0.9338260545622364   50
821  0.0329108598397555   49
822  0.9338260545622364   50
822  0.0329108598397555   49
823  0.9338260545622364   50
823  0.0329108598397555   49
824  0.9338260545622364   50
824  0.0329108598397555   49
825  0.9338260545622364   51
825  0.0329108598397555   48
826  0.9338260545622364   51
826  0.0329108598397555   48
827  0.9338260545622364   51
827  0.0329108598397555   48
828  0.9338260545622364   52
828  0.0329108598397555   47
829  0.9338260545622364   52
829  0.0329108598397555   47
830  0.9338260545622364   52
830  0.0329108598397555   47
831  0.9338260545622364   52
831  0.0329108598397555   47
832  0.9338260545622364   52
832  0.0329108598397555   47
833  0.9338260545622364   52
833  0.0329108598397555   47
834  0.9338260545622364   52
834  0.0329108598397555   47
835  0.9338260545622364   52
835  0.0329108598397555   47
836  0.9338260545622364   52
836  0.0329108598397555   47
837  0.9338260545622364   53
837  0.0329108598397555   46
838  0.9338260545622364   53
838  0.0329108598397555   46
839  0.9338260545622364   53
839  0.0329108598397555   46
840  0.9338260545622364   52
840  0.0329108598397555   47
841  0.9338260545622364   52
841  0.0329108598397555   47
842  0.9338260545622364   52
842  0.0329108598397555   47
843  0.9338260545622364   53
843  0.0329108598397555   46
844  0.9338260545622364   53
844  0.0329108598397555   46
845  0.9338260545622364   53
845  0.0329108598397555   46
846  0.9338260545622364   52
846  0.0329108598397555   47
847  0.9338260545622364   52
847  0.0329108598397555   47
848  0.9338260545622364   52
848  0.0329108598397555   47
849  0.9338260545622364   52
849  0.0329108598397555   47
850  0.9338260545622364   52
850  0.0329108598397555   47
851  0.9338260545622364   52
851  0.0329108598397555   47
852  0.9338260545622364   52
852  0.0329108598397555   47
853  0.9338260545622364   52
853  0.0329108598397555   47
854  0.9338260545622364   52
854  0.0329108598397555   47
855  0.9338260545622364   52
855  0.0329108598397555   47
856  0.9338260545622364   52
856  0.0329108598397555   47
857  0.9338260545622364   52
857  0.0329108598397555   47
858  0.9338260545622364   52
858  0.0329108598397555   47
859  0.9338260545622364   52
859  0.0329108598397555   47
860  0.9338260545622364   52
860  0.0329108598397555   47
861  0.9338260545622364   52
861  0.0329108598397555   47
862  0.9338260545622364   52
862  0.0329108598397555   47
863  0.9338260545622364   52
863  0.0329108598397555   47
864  0.9338260545622364   50
864  0.0329108598397555   49
865  0.9338260545622364   50
865  0.0329108598397555   49
866  0.9338260545622364   50
866  0.0329108598397555   49
867  0.9338260545622364   51
867  0.0329108598397555   48
868  0.9338260545622364   51
868  0.0329108598397555   48
869  0.9338260545622364   51
869  0.0329108598397555   48
870  0.9338260545622364   52
870  0.0329108598397555   47
871  0.9338260545622364   52
871  0.0329108598397555   47
872  0.9338260545622364   52
872  0.0329108598397555   47
873  0.9338260545622364   52
873  0.0329108598397555   47
874  0.9338260545622364   52
874  0.0329108598397555   47
875  0.9338260545622364   52
875  0.0329108598397555   47
876  0.9338260545622364   52
876  0.0329108598397555   47
877  0.9338260545622364   52
877  0.0329108598397555   47
878  0.9338260545622364   52
878  0.0329108598397555   47
879  0.9338260545622364   52
879  0.0329108598397555   47
880  0.9338260545622364   52
880  0.0329108598397555   47
881  0.9338260545622364   52
881  0.0329108598397555   47
882  0.9338260545622364   51
882  0.0329108598397555   48
883  0.9338260545622364   51
883  0.0329108598397555   48
884  0.9338260545622364   51
884  0.0329108598397555   48
885  0.9338260545622364   51
885  0.0329108598397555   48
886  0.9338260545622364   51
886  0.0329108598397555   48
887  0.9338260545622364   51
887  0.0329108598397555   48
888  0.9338260545622364   50
888  0.0329108598397555   49
889  0.9338260545622364   50
889  0.0329108598397555   49
890  0.9338260545622364   50
890  0.0329108598397555   49
891  0.9338260545622364   51
891  0.0329108598397555   48
892  0.9338260545622364   51
892  0.0329108598397555   48
893  0.9338260545622364   51
893  0.0329108598397555   48
894  0.9338260545622364   51
894  0.0329108598397555   48
895  0.9338260545622364   51
895  0.0329108598397555   48
896  0.9338260545622364   51
896  0.0329108598397555   48
897  0.9338260545622364   51
897  0.0329108598397555   48
898  0.9338260545622364   51
898  0.0329108598397555   48
899  0.9338260545622364   51
899  0.0329108598397555   48
900  0.9338260545622364   51
900  0.0329108598397555   48
901  0.9338260545622364   51
901  0.0329108598397555   48
902  0.9338260545622364   51
902  0.0329108598397555   48
903  0.9338260545622364   51
903  0.0329108598397555   48
904  0.9338260545622364   51
904  0.0329108598397555   48
905  0.9338260545622364   51
905  0.0329108598397555   48
906  0.9338260545622364   51
906  0.0329108598397555   48
907  0.9338260545622364   51
907  0.0329108598397555   48
908  0.9338260545622364   51
908  0.0329108598397555   48
909  0.9338260545622364   50
909  0.0329108598397555   49
910  0.9338260545622364   50
910  0.0329108598397555   49
911  0.9338260545622364   50
911  0.0329108598397555   49
912  0.9338260545622364   50
912  0.0329108598397555   49
913  0.9338260545622364   50
913  0.0329108598397555   49
914  0.9338260545622364   50
914  0.0329108598397555   49
915  0.9338260545622364   52
915  0.0329108598397555   47
916  0.9338260545622364   52
916  0.0329108598397555   47
917  0.9338260545622364   52
917  0.0329108598397555   47
918  0.9338260545622364   52
918  0.0329108598397555   47
919  0.9338260545622364   52
919  0.0329108598397555   47
920  0.9338260545622364   52
920  0.0329108598397555   47
921  0.9338260545622364   51
921  0.0329108598397555   48
922  0.9338260545622364   51
922  0.0329108598397555   48
923  0.9338260545622364   51
923  0.0329108598397555   48
924  0.9338260545622364   50
924  0.0329108598397555   49
925  0.9338260545622364   50
925  0.0329108598397555   49
926  0.9338260545622364   50
926  0.0329108598397555   49
927  0.9338260545622364   50
927  0.0329108598397555   49
928  0.9338260545622364   50
928  0.0329108598397555   49
929  0.9338260545622364   50
929  0.0329108598397555   49
930  0.9338260545622364   51
930  0.0329108598397555   48
931  0.9338260545622364   51
931  0.0329108598397555   48
932  0.9338260545622364   51
932  0.0329108598397555   48
933  0.9338260545622364   52
933  0.0329108598397555   47
934  0.9338260545622364   52
934  0.0329108598397555   47
935  0.9338260545622364   52
935  0.0329108598397555   47
936  0.9338260545622364   53
936  0.0329108598397555   46
937  0.9338260545622364   53
937  0.0329108598397555   46
938  0.9338260545622364   53
938  0.0329108598397555   46
939  0.9338260545622364   53
939  0.0329108598397555   46
940  0.9338260545622364   53
940  0.0329108598397555   46
941  0.9338260545622364   53
941  0.0329108598397555   46
942  0.9338260545622364   52
942  0.0329108598397555   47
943  0.9338260545622364   52
943  0.0329108598397555   47
944  0.9338260545622364   52
944  0.0329108598397555   47
945  0.9338260545622364   51
945  0.0329108598397555   48
946  0.9338260545622364   51
946  0.0329108598397555   48
947  0.9338260545622364   51
947  0.0329108598397555   48
948  0.9338260545622364   51
948  0.0329108598397555   48
949  0.9338260545622364   51
949  0.0329108598397555   48
950  0.9338260545622364   51
950  0.0329108598397555   48
951  0.9338260545622364   52
951  0.0329108598397555   47
952  0.9338260545622364   52
952  0.0329108598397555   47
953  0.9338260545622364   52
953  0.0329108598397555   47
954  0.9338260545622364   51
954  0.0329108598397555   48
955  0.9338260545622364   51
955  0.0329108598397555   48
956  0.9338260545622364   51
956  0.0329108598397555   48
957  0.9338260545622364   50
957  0.0329108598397555   49
958  0.9338260545622364   50
958  0.0329108598397555   49
959  0.9338260545622364   50
959  0.0329108598397555   49
960  0.9338260545622364   50
960  0.0329108598397555   49
961  0.9338260545622364   50
961  0.0329108598397555   49
962  0.9338260545622364   50
962  0.0329108598397555   49
963  0.9338260545622364   51
963  0.0329108598397555   48
964  0.9338260545622364   51
964  0.0329108598397555   48
965  0.9338260545622364   51
965  0.0329108598397555   48
966  0.9338260545622364   51
966  0.0329108598397555   48
967  0.9338260545622364   51
967  0.0329108598397555   48
968  0.9338260545622364   51
968  0.0329108598397555   48
969  0.9338260545622364   51
969  0.0329108598397555   48
970  0.9338260545622364   51
970  0.0329108598397555   48
971  0.9338260545622364   51
971  0.0329108598397555   48
972  0.9338260545622364   52
972  0.0329108598397555   47
973  0.9338260545622364   52
973  0.0329108598397555   47
974  0.9338260545622364   52
974  0.0329108598397555   47
975  0.9338260545622364   51
975  0.0329108598397555   48
976  0.9338260545622364   51
976  0.0329108598397555   48
977  0.9338260545622364   51
977  0.0329108598397555   48
978  0.9338260545622364   51
978  0.0329108598397555   48
979  0.9338260545622364   51
979  0.0329108598397555   48
980  0.9338260545622364   51
980  0.0329108598397555   48
981  0.9338260545622364   51
981  0.0329108598397555   48
982  0.9338260545622364   51
982  0.0329108598397555   48
983  0.9338260545622364   51
983  0.0329108598397555   48
984  0.9338260545622364   52
984  0.0329108598397555   47
985  0.9338260545622364   52
985  0.0329108598397555   47
986  0.9338260545622364   52
986  0.0329108598397555   47
987  0.9338260545622364   53
987  0.0329108598397555   46
988  0.9338260545622364   53
988  0.0329108598397555   46
989  0.9338260545622364   53
989  0.0329108598397555   46
990  0.9338260545622364   53
990  0.0329108598397555   46
991  0.9338260545622364   53
991  0.0329108598397555   46
992  0.9338260545622364   53
992  0.0329108598397555   46
993  0.9338260545622364   53
993  0.0329108598397555   46
994  0.9338260545622364   53
994  0.0329108598397555   46
995  0.9338260545622364   53
995  0.0329108598397555   46
996  0.9338260545622364   52
996  0.0329108598397555   47
997  0.9338260545622364   52
997  0.0329108598397555   47
998  0.9338260545622364   52
998  0.0329108598397555   47
999  0.9338260545622364   52
999  0.0329108598397555   47
Strategy1 Avg 51.103
Strategy1 Var 1.4663909999999927
Strategy2 Avg 47.897
Strategy2 Var 1.4663909999999927
